84215
1896073
806658
-1
277140
259963
1790551
571678
2616552
-1
-1
412167
1277237
1886637
99444
438763
649238
1489421
145679
1274086
689546
382893
2259708
2310451
1595596
740218
2803033
2597024
-1
970228
1428492
1840618
1324497
1571827
1509417
1300522
120465
704430
1132384
-1
216464
235488
2473131
541497
1487778
2095658
1467790
873470
2985011
2814761
2019292
508985
1386488
2631850
2026229
950841
2430008
2348328
2742403
2750732
992548
395836
2009092
1577063
1647058
1977822
2210489
2862858
2029403
-1
671436
493417
319433
6001
2918720
2241486
1568686
1663465
2761809
345907
912702
2725539
1572078
2712298
1146739
2926683
1905739
2901381
648680
392210
2707472
1373826
2635861
1979567
2638953
1541783
231846
-1
1903291
1003798
1897748
-1
2545576
-1
2589098
2094599
1285039
2755497
2165018
2144982
1145624
1480614
-1
801626
-1
2038227
2101330
481766
1911655
605719
2127124
2307582
2538619
804905
512656
2941982
-1
-1
64036
1943786
867725
3156
2778102
1089683
39863
309539
2782198
2701153
2904606
303539
379378
2562246
414179
2886529
1477601
41715
2582930
727419
548745
598532
856698
1091270
1597623
1708937
1751133
1197879
1421884
280596
1295713
351052
2974224
-1
1685368
802534
1300552
-1
1495999
45066
2449583
337612
-1
2508856
305078
1818094
1820100
1254273
2246832
1290174
253030
1412444
1996288
492219
1049199
1259140
1642274
2938594
131709
108997
1450821
2511965
1469526
1562793
1003072
845986
2596162
2705892
2169435
696730
2547570
2951748
